 0.7153241 -0.2846759 -0.2846759          0          0          0          0          0          0          0 
-0.2846759  0.7153241 -0.2846759          0          0          0          0          0          0          0 
-0.2846759 -0.2846759  0.7153241          0          0          0          0          0          0          0 
         0          0          0          0          0          0          0          0          0          0 
         0          0          0          0  0.8642656 -0.07800824 -0.0774538 -0.09499779 -0.1146036          0 
         0          0          0          0 -0.07800824  0.6692846 -0.3331425 -0.2563404 -0.1705122          0 
         0          0          0          0 -0.0774538 -0.3331425  0.6644017   -0.25789 -0.1710492          0 
         0          0          0          0 -0.09499779 -0.2563404   -0.25789  0.7911448 -0.1540576          0 
         0          0          0          0 -0.1146036 -0.1705122 -0.1710492 -0.1540576  0.8649309          0 
         0          0          0          0          0          0          0          0          0          0 
 0.7119716 -0.2880284 -0.2880284          0          0          0          0          0          0          0 
-0.2880284  0.7119716 -0.2880284          0          0          0          0          0          0          0 
-0.2880284 -0.2880284  0.7119716          0          0          0          0          0          0          0 
         0          0          0          0          0          0          0          0          0          0 
         0          0          0          0   0.869281 -0.09025784 -0.09063615 -0.1037072 -0.1180761          0 
         0          0          0          0 -0.09025784  0.6639459 -0.3337559 -0.2543507 -0.1670617          0 
         0          0          0          0 -0.09063615 -0.3337559  0.6685173 -0.2529422 -0.1666037          0 
         0          0          0          0 -0.1037072 -0.2543507 -0.2529422  0.7957236 -0.1507788          0 
         0          0          0          0 -0.1180761 -0.1670617 -0.1666037 -0.1507788  0.8666174          0 
         0          0          0          0          0          0          0          0          0          0 
 0.7066214 -0.2933786 -0.2933786          0          0          0          0          0          0          0 
-0.2933786  0.7066214 -0.2933786          0          0          0          0          0          0          0 
-0.2933786 -0.2933786  0.7066214          0          0          0          0          0          0          0 
         0          0          0          0          0          0          0          0          0          0 
         0          0          0          0  0.8742034 -0.1118899 -0.1123841 -0.1174111 -0.1227734          0 
         0          0          0          0 -0.1118899   0.659246 -0.3326217  -0.249891 -0.1616434          0 
         0          0          0          0 -0.1123841 -0.3326217  0.6752041 -0.2451836 -0.1602622          0 
         0          0          0          0 -0.1174111  -0.249891 -0.2451836  0.8027058 -0.1462113          0 
         0          0          0          0 -0.1227734 -0.1616434 -0.1602622 -0.1462113  0.8687765          0 
         0          0          0          0          0          0          0          0          0          0 
 0.7038122 -0.2961878 -0.2961878          0          0          0          0          0          0          0 
-0.2961878  0.7038122 -0.2961878          0          0          0          0          0          0          0 
-0.2961878 -0.2961878  0.7038122          0          0          0          0          0          0          0 
         0          0          0          0          0          0          0          0          0          0 
         0          0          0          0      0.875 -0.1250304 -0.1250288  -0.125017 -0.1250047          0 
         0          0          0          0 -0.1250304  0.6570967 -0.3312559 -0.2469148 -0.1583104          0 
         0          0          0          0 -0.1250288 -0.3312559   0.679769 -0.2403982 -0.1565298          0 
         0          0          0          0  -0.125017 -0.2469148 -0.2403982  0.8067898 -0.1436368          0 
         0          0          0          0 -0.1250047 -0.1583104 -0.1565298 -0.1436368  0.8699079          0 
         0          0          0          0          0          0          0          0          0          0 
 0.7009922 -0.2990078 -0.2990078          0          0          0          0          0          0          0 
-0.2990078  0.7009922 -0.2990078          0          0          0          0          0          0          0 
-0.2990078 -0.2990078  0.7009922          0          0          0          0          0          0          0 
         0          0          0          0          0          0          0          0          0          0 
         0          0          0          0  0.8738526 -0.1409386 -0.1397156 -0.1334928 -0.1270953          0 
         0          0          0          0 -0.1409386  0.6535929 -0.3294186 -0.2429751 -0.1541061          0 
         0          0          0          0 -0.1397156 -0.3294186  0.6862663 -0.2339229 -0.1518728          0 
         0          0          0          0 -0.1334928 -0.2429751 -0.2339229  0.8121379  -0.140509          0 
         0          0          0          0 -0.1270953 -0.1541061 -0.1518728  -0.140509  0.8711737          0 
         0          0          0          0          0          0          0          0          0          0 
 0.6984121 -0.3015879 -0.3015879          0          0          0          0          0          0          0 
-0.3015879  0.6984121 -0.3015879          0          0          0          0          0          0          0 
-0.3015879 -0.3015879  0.6984121          0          0          0          0          0          0          0 
         0          0          0          0          0          0          0          0          0          0 
         0          0          0          0  0.8702045 -0.1577066 -0.1545281  -0.141652 -0.1286186          0 
         0          0          0          0 -0.1577066  0.6519314 -0.3263901 -0.2385718 -0.1496796          0 
         0          0          0          0 -0.1545281 -0.3263901  0.6931816 -0.2275346 -0.1472812          0 
         0          0          0          0  -0.141652 -0.2385718 -0.2275346  0.8171767 -0.1375652          0 
         0          0          0          0 -0.1286186 -0.1496796 -0.1472812 -0.1375652  0.8722695          0 
         0          0          0          0          0          0          0          0          0          0 
 0.6967727 -0.3032273 -0.3032273          0          0          0          0          0          0          0 
-0.3032273  0.6967727 -0.3032273          0          0          0          0          0          0          0 
-0.3032273 -0.3032273  0.6967727          0          0          0          0          0          0          0 
         0          0          0          0          0          0          0          0          0          0 
         0          0          0          0  0.8652175 -0.1719028 -0.1664258 -0.1478407 -0.1293143          0 
         0          0          0          0 -0.1719028  0.6501215 -0.3236184 -0.2345109 -0.1456852          0 
         0          0          0          0 -0.1664258 -0.3236184  0.6995751 -0.2217228 -0.1432697          0 
         0          0          0          0 -0.1478407 -0.2345109 -0.2217228  0.8216706 -0.1350733          0 
         0          0          0          0 -0.1293143 -0.1456852 -0.1432697 -0.1350733  0.8730973          0 
         0          0          0          0          0          0          0          0          0          0 
 0.6953802 -0.3046198 -0.3046198          0          0          0          0          0          0          0 
-0.3046198  0.6953802 -0.3046198          0          0          0          0          0          0          0 
-0.3046198 -0.3046198  0.6953802          0          0          0          0          0          0          0 
         0          0          0          0          0          0          0          0          0          0 
         0          0          0          0  0.8586474 -0.1856903  -0.177563 -0.1533939 -0.1295896          0 
         0          0          0          0 -0.1856903  0.6497576 -0.3200795 -0.2303794 -0.1420336          0 
         0          0          0          0  -0.177563 -0.3200795  0.7060443 -0.2162677 -0.1397526          0 
         0          0          0          0 -0.1533939 -0.2303794 -0.2162677  0.8256984 -0.1329692          0 
         0          0          0          0 -0.1295896 -0.1420336 -0.1397526 -0.1329692  0.8737119          0 
         0          0          0          0          0          0          0          0          0          0 
 0.6943509 -0.3056491 -0.3056491          0          0          0          0          0          0          0 
-0.3056491  0.6943509 -0.3056491          0          0          0          0          0          0          0 
-0.3056491 -0.3056491  0.6943509          0          0          0          0          0          0          0 
         0          0          0          0          0          0          0          0          0          0 
         0          0          0          0  0.8499677 -0.2000808 -0.1886566 -0.1586366 -0.1293324          0 
         0          0          0          0 -0.2000808  0.6498054 -0.3159291 -0.2258884 -0.1379945          0 
         0          0          0          0 -0.1886566 -0.3159291  0.7131226 -0.2105373 -0.1360173          0 
         0          0          0          0 -0.1586366 -0.2258884 -0.2105373  0.8298015 -0.1308216          0 
         0          0          0          0 -0.1293324 -0.1379945 -0.1360173 -0.1308216  0.8742502          0 
         0          0          0          0          0          0          0          0          0          0 
  0.693751  -0.306249  -0.306249          0          0          0          0          0          0          0 
 -0.306249   0.693751  -0.306249          0          0          0          0          0          0          0 
 -0.306249  -0.306249   0.693751          0          0          0          0          0          0          0 
         0          0          0          0          0          0          0          0          0          0 
         0          0          0          0  0.8405979 -0.2128928 -0.1981285 -0.1627609 -0.1287083          0 
         0          0          0          0 -0.2128928  0.6504456 -0.3118336 -0.2214741 -0.1344742          0 
         0          0          0          0 -0.1981285 -0.3118336  0.7195508 -0.2052683 -0.1328827          0 
         0          0          0          0 -0.1627609 -0.2214741 -0.2052683  0.8335524 -0.1290704          0 
         0          0          0          0 -0.1287083 -0.1344742 -0.1328827 -0.1290704  0.8746003          0 
         0          0          0          0          0          0          0          0          0          0 
 0.6935751 -0.3064249 -0.3064249          0          0          0          0          0          0          0 
-0.3064249  0.6935751 -0.3064249          0          0          0          0          0          0          0 
-0.3064249 -0.3064249  0.6935751          0          0          0          0          0          0          0 
         0          0          0          0          0          0          0          0          0          0 
         0          0          0          0  0.8280302 -0.2275513 -0.2082658 -0.1667549  -0.127394          0 
         0          0          0          0 -0.2275513  0.6510953  -0.306798 -0.2161653  -0.130227          0 
         0          0          0          0 -0.2082658  -0.306798  0.7273903 -0.1990211  -0.129244          0 
         0          0          0          0 -0.1667549 -0.2161653 -0.1990211   0.837881 -0.1271282          0 
         0          0          0          0  -0.127394  -0.130227  -0.129244 -0.1271282   0.874878          0 
         0          0          0          0          0          0          0          0          0          0 
 0.6936928 -0.3063072 -0.3063072          0          0          0          0          0          0          0 
-0.3063072  0.6936928 -0.3063072          0          0          0          0          0          0          0 
-0.3063072 -0.3063072  0.6936928          0          0          0          0          0          0          0 
         0          0          0          0          0          0          0          0          0          0 
         0          0          0          0  0.8184036 -0.2373244 -0.2147265 -0.1690476 -0.1261998          0 
         0          0          0          0 -0.2373244  0.6520747 -0.3030763 -0.2124194 -0.1273812          0 
         0          0          0          0 -0.2147265 -0.3030763  0.7327498  -0.194832 -0.1269021          0 
         0          0          0          0 -0.1690476 -0.2124194  -0.194832  0.8407188 -0.1259338          0 
         0          0          0          0 -0.1261998 -0.1273812 -0.1269021 -0.1259338  0.8749746          0 
         0          0          0          0          0          0          0          0          0          0 
  0.694208  -0.305792  -0.305792          0          0          0          0          0          0          0 
 -0.305792   0.694208  -0.305792          0          0          0          0          0          0          0 
 -0.305792  -0.305792   0.694208          0          0          0          0          0          0          0 
         0          0          0          0          0          0          0          0          0          0 
         0          0          0          0  0.8059109 -0.2489435 -0.2216915 -0.1711725 -0.1243895          0 
         0          0          0          0 -0.2489435  0.6526494 -0.2984613  -0.207832 -0.1239048          0 
         0          0          0          0 -0.2216915 -0.2984613  0.7396785 -0.1896194 -0.1241456          0 
         0          0          0          0 -0.1711725  -0.207832 -0.1896194  0.8441427  -0.124592          0 
         0          0          0          0 -0.1243895 -0.1239048 -0.1241456  -0.124592  0.8749946          0 
         0          0          0          0          0          0          0          0          0          0 
 0.6948506 -0.3051494 -0.3051494          0          0          0          0          0          0          0 
-0.3051494  0.6948506 -0.3051494          0          0          0          0          0          0          0 
-0.3051494 -0.3051494  0.6948506          0          0          0          0          0          0          0 
         0          0          0          0          0          0          0          0          0          0 
         0          0          0          0  0.7935542 -0.2591407 -0.2275283 -0.1727816 -0.1224928          0 
         0          0          0          0 -0.2591407  0.6540712 -0.2938635 -0.2036959 -0.1208706          0 
         0          0          0          0 -0.2275283 -0.2938635  0.7459318   -0.18515 -0.1218438          0 
         0          0          0          0 -0.1727816 -0.2036959   -0.18515  0.8469681 -0.1235291          0 
         0          0          0          0 -0.1224928 -0.1208706 -0.1218438 -0.1235291  0.8749228          0 
         0          0          0          0          0          0          0          0          0          0 
 0.6958082 -0.3041918 -0.3041918          0          0          0          0          0          0          0 
-0.3041918  0.6958082 -0.3041918          0          0          0          0          0          0          0 
-0.3041918 -0.3041918  0.6958082          0          0          0          0          0          0          0 
         0          0          0          0          0          0          0          0          0          0 
         0          0          0          0  0.7811201 -0.2686025 -0.2326021 -0.1737513 -0.1202691          0 
         0          0          0          0 -0.2686025  0.6553399 -0.2895924 -0.1995719 -0.1177634          0 
         0          0          0          0 -0.2326021 -0.2895924  0.7516701 -0.1808771 -0.1195776          0 
         0          0          0          0 -0.1737513 -0.1995719 -0.1808771  0.8496837 -0.1225433          0 
         0          0          0          0 -0.1202691 -0.1177634 -0.1195776 -0.1225433  0.8747616          0 
         0          0          0          0          0          0          0          0          0          0 
   0.69658   -0.30342   -0.30342          0          0          0          0          0          0          0 
  -0.30342    0.69658   -0.30342          0          0          0          0          0          0          0 
  -0.30342   -0.30342    0.69658          0          0          0          0          0          0          0 
         0          0          0          0          0          0          0          0          0          0 
         0          0          0          0  0.7722609 -0.2749665 -0.2356666 -0.1741372 -0.1186635          0 
         0          0          0          0 -0.2749665  0.6560967  -0.286538 -0.1967247 -0.1157507          0 
         0          0          0          0 -0.2356666  -0.286538  0.7557942 -0.1779287 -0.1181746          0 
         0          0          0          0 -0.1741372 -0.1967247 -0.1779287   0.851499 -0.1219694          0 
         0          0          0          0 -0.1186635 -0.1157507 -0.1181746 -0.1219694  0.8746092          0 
         0          0          0          0          0          0          0          0          0          0 
  0.697667  -0.302333  -0.302333          0          0          0          0          0          0          0 
 -0.302333   0.697667  -0.302333          0          0          0          0          0          0          0 
 -0.302333  -0.302333   0.697667          0          0          0          0          0          0          0 
         0          0          0          0          0          0          0          0          0          0 
         0          0          0          0  0.7608158 -0.2825852 -0.2392538 -0.1744012 -0.1164687          0 
         0          0          0          0 -0.2825852  0.6575173 -0.2826812 -0.1931784  -0.113226          0 
         0          0          0          0 -0.2392538 -0.2826812  0.7606766 -0.1744313 -0.1164635          0 
         0          0          0          0 -0.1744012 -0.1931784 -0.1744313  0.8536268  -0.121309          0 
         0          0          0          0 -0.1164687  -0.113226 -0.1164635  -0.121309  0.8743626          0 
         0          0          0          0          0          0          0          0          0          0 
 0.6990318 -0.3009682 -0.3009682          0          0          0          0          0          0          0 
-0.3009682  0.6990318 -0.3009682          0          0          0          0          0          0          0 
-0.3009682 -0.3009682  0.6990318          0          0          0          0          0          0          0 
         0          0          0          0          0          0          0          0          0          0 
         0          0          0          0  0.7488722 -0.2903775 -0.2422687 -0.1741331 -0.1140274          0 
         0          0          0          0 -0.2903775  0.6581587 -0.2787615 -0.1894228 -0.1106128          0 
         0          0          0          0 -0.2422687 -0.2787615  0.7659682  -0.170682 -0.1147981          0 
         0          0          0          0 -0.1741331 -0.1894228  -0.170682  0.8558602 -0.1207256          0 
         0          0          0          0 -0.1140274 -0.1106128 -0.1147981 -0.1207256  0.8740454          0 
         0          0          0          0          0          0          0          0          0          0 
 0.7001104 -0.2998896 -0.2998896          0          0          0          0          0          0          0 
-0.2998896  0.7001104 -0.2998896          0          0          0          0          0          0          0 
-0.2998896 -0.2998896  0.7001104          0          0          0          0          0          0          0 
         0          0          0          0          0          0          0          0          0          0 
         0          0          0          0  0.7382314 -0.2964225  -0.244764 -0.1740504 -0.1119715          0 
         0          0          0          0 -0.2964225  0.6601433 -0.2751092 -0.1864786 -0.1086704          0 
         0          0          0          0  -0.244764 -0.2751092  0.7701265 -0.1679519 -0.1135913          0 
         0          0          0          0 -0.1740504 -0.1864786 -0.1679519  0.8574086 -0.1203275          0 
         0          0          0          0 -0.1119715 -0.1086704 -0.1135913 -0.1203275  0.8737589          0 
         0          0          0          0          0          0          0          0          0          0 
 0.7014554 -0.2985446 -0.2985446          0          0          0          0          0          0          0 
-0.2985446  0.7014554 -0.2985446          0          0          0          0          0          0          0 
-0.2985446 -0.2985446  0.7014554          0          0          0          0          0          0          0 
         0          0          0          0          0          0          0          0          0          0 
         0          0          0          0  0.7280378 -0.3023639 -0.2467036 -0.1734288 -0.1096453          0 
         0          0          0          0 -0.3023639  0.6609452 -0.2718801 -0.1834472 -0.1064689          0 
         0          0          0          0 -0.2467036 -0.2718801  0.7742138 -0.1651053 -0.1122843          0 
         0          0          0          0 -0.1734288 -0.1834472 -0.1651053  0.8590411 -0.1199401          0 
         0          0          0          0 -0.1096453 -0.1064689 -0.1122843 -0.1199401  0.8733957          0 
         0          0          0          0          0          0          0          0          0          0 
 0.7028517 -0.2971483 -0.2971483          0          0          0          0          0          0          0 
-0.2971483  0.7028517 -0.2971483          0          0          0          0          0          0          0 
-0.2971483 -0.2971483  0.7028517          0          0          0          0          0          0          0 
         0          0          0          0          0          0          0          0          0          0 
         0          0          0          0  0.7162054 -0.3084737 -0.2487637 -0.1727062  -0.107272          0 
         0          0          0          0 -0.3084737  0.6630118 -0.2679984 -0.1801205 -0.1045168          0 
         0          0          0          0 -0.2487637 -0.2679984  0.7785393  -0.162182 -0.1111829          0 
         0          0          0          0 -0.1727062 -0.1801205  -0.162182  0.8606678  -0.119674          0 
         0          0          0          0  -0.107272 -0.1045168 -0.1111829  -0.119674  0.8730208          0 
         0          0          0          0          0          0          0          0          0          0 
 0.7041706 -0.2958294 -0.2958294          0          0          0          0          0          0          0 
-0.2958294  0.7041706 -0.2958294          0          0          0          0          0          0          0 
-0.2958294 -0.2958294  0.7041706          0          0          0          0          0          0          0 
         0          0          0          0          0          0          0          0          0          0 
         0          0          0          0  0.7065315 -0.3133844 -0.2501332 -0.1719305 -0.1050179          0 
         0          0          0          0 -0.3133844  0.6643453 -0.2649261 -0.1774785 -0.1026556          0 
         0          0          0          0 -0.2501332 -0.2649261  0.7820549 -0.1598586 -0.1101579          0 
         0          0          0          0 -0.1719305 -0.1774785 -0.1598586  0.8619265 -0.1194335          0 
         0          0          0          0 -0.1050179 -0.1026556 -0.1101579 -0.1194335  0.8726299          0 
         0          0          0          0          0          0          0          0          0          0 
 0.7052506 -0.2947494 -0.2947494          0          0          0          0          0          0          0 
-0.2947494  0.7052506 -0.2947494          0          0          0          0          0          0          0 
-0.2947494 -0.2947494  0.7052506          0          0          0          0          0          0          0 
         0          0          0          0          0          0          0          0          0          0 
         0          0          0          0  0.6997654 -0.3170873 -0.2507738 -0.1709018 -0.1034132          0 
         0          0          0          0 -0.3170873  0.6644393 -0.2628697 -0.1753163 -0.1013371          0 
         0          0          0          0 -0.2507738 -0.2628697  0.7847265 -0.1579458 -0.1095061          0 
         0          0          0          0 -0.1709018 -0.1753163 -0.1579458  0.8629762 -0.1193454          0 
         0          0          0          0 -0.1034132 -0.1013371 -0.1095061 -0.1193454  0.8723408          0 
         0          0          0          0          0          0          0          0          0          0 
 0.7065284 -0.2934716 -0.2934716          0          0          0          0          0          0          0 
-0.2934716  0.7065284 -0.2934716          0          0          0          0          0          0          0 
-0.2934716 -0.2934716  0.7065284          0          0          0          0          0          0          0 
         0          0          0          0          0          0          0          0          0          0 
         0          0          0          0  0.6906418 -0.3213125 -0.2517236 -0.1700682 -0.1012455          0 
         0          0          0          0 -0.3213125  0.6659581 -0.2599407 -0.1729905 -0.09970524          0 
         0          0          0          0 -0.2517236 -0.2599407  0.7878932 -0.1559788 -0.1086717          0 
         0          0          0          0 -0.1700682 -0.1729905 -0.1559788  0.8639826  -0.119193          0 
         0          0          0          0 -0.1012455 -0.09970524 -0.1086717  -0.119193  0.8719393          0 
         0          0          0          0          0          0          0          0          0          0 
  0.707955  -0.292045  -0.292045          0          0          0          0          0          0          0 
 -0.292045   0.707955  -0.292045          0          0          0          0          0          0          0 
 -0.292045  -0.292045   0.707955          0          0          0          0          0          0          0 
         0          0          0          0          0          0          0          0          0          0 
         0          0          0          0  0.6818365 -0.3255237 -0.2524443 -0.1688143 -0.09894478          0 
         0          0          0          0 -0.3255237  0.6668357 -0.2573003 -0.1704838 -0.09795199          0 
         0          0          0          0 -0.2524443 -0.2573003  0.7909156 -0.1539075 -0.1078094          0 
         0          0          0          0 -0.1688143 -0.1704838 -0.1539075  0.8650618   -0.11909          0 
         0          0          0          0 -0.09894478 -0.09795199 -0.1078094   -0.11909  0.8714855          0 
         0          0          0          0          0          0          0          0          0          0 
         0          0          0          0          0          0          0          0          0          0 
         0          0          0          0          0          0          0          0          0          0 
         0          0          0          0          0          0          0          0          0          0 
         0          0          0          0          0          0          0          0          0          0 
         0          0          0          0          0          0          0          0          0          0 
         0          0          0          0          0          0          0          0          0          0 
         0          0          0          0          0          0          0          0          0          0 
         0          0          0          0          0          0          0          0          0          0 
         0          0          0          0          0          0          0          0          0          0 
         0          0          0          0          0          0          0          0          0          0 
         0          0          0          0          0          0          0          0          0          0 
         0          0          0          0          0          0          0          0          0          0 
         0          0          0          0          0          0          0          0          0          0 
         0          0          0          0          0          0          0          0          0          0 
         0          0          0          0          0          0          0          0          0          0 
         0          0          0          0          0          0          0          0          0          0 
         0          0          0          0          0          0          0          0          0          0 
         0          0          0          0          0          0          0          0          0          0 
         0          0          0          0          0          0          0          0          0          0 
         0          0          0          0          0          0          0          0          0          0 
         0          0          0          0          0          0          0          0          0          0 
         0          0          0          0          0          0          0          0          0          0 
         0          0          0          0          0          0          0          0          0          0 
         0          0          0          0          0          0          0          0          0          0 
         0          0          0          0          0          0          0          0          0          0 
         0          0          0          0          0          0          0          0          0          0 
         0          0          0          0          0          0          0          0          0          0 
         0          0          0          0          0          0          0          0          0          0 
         0          0          0          0          0          0          0          0          0          0 
         0          0          0          0          0          0          0          0          0          0 
         0          0          0          0          0          0          0          0          0          0 
         0          0          0          0          0          0          0          0          0          0 
         0          0          0          0          0          0          0          0          0          0 
         0          0          0          0          0          0          0          0          0          0 
         0          0          0          0          0          0          0          0          0          0 
         0          0          0          0          0          0          0          0          0          0 
         0          0          0          0          0          0          0          0          0          0 
         0          0          0          0          0          0          0          0          0          0 
         0          0          0          0          0          0          0          0          0          0 
         0          0          0          0          0          0          0          0          0          0 
         0          0          0          0          0          0          0          0          0          0 
         0          0          0          0          0          0          0          0          0          0 
         0          0          0          0          0          0          0          0          0          0 
         0          0          0          0          0          0          0          0          0          0 
         0          0          0          0          0          0          0          0          0          0 
         0          0          0          0          0          0          0          0          0          0 
         0          0          0          0          0          0          0          0          0          0 
         0          0          0          0          0          0          0          0          0          0 
         0          0          0          0          0          0          0          0          0          0 
         0          0          0          0          0          0          0          0          0          0 
         0          0          0          0          0          0          0          0          0          0 
         0          0          0          0          0          0          0          0          0          0 
         0          0          0          0          0          0          0          0          0          0 
         0          0          0          0          0          0          0          0          0          0 
         0          0          0          0          0          0          0          0          0          0 
         0          0          0          0          0          0          0          0          0          0 
         0          0          0          0          0          0          0          0          0          0 
         0          0          0          0          0          0          0          0          0          0 
         0          0          0          0          0          0          0          0          0          0 
         0          0          0          0          0          0          0          0          0          0 
         0          0          0          0          0          0          0          0          0          0 
         0          0          0          0          0          0          0          0          0          0 
         0          0          0          0          0          0          0          0          0          0 
         0          0          0          0          0          0          0          0          0          0 
         0          0          0          0          0          0          0          0          0          0 
         0          0          0          0          0          0          0          0          0          0 
         0          0          0          0          0          0          0          0          0          0 
         0          0          0          0          0          0          0          0          0          0 
         0          0          0          0          0          0          0          0          0          0 
         0          0          0          0          0          0          0          0          0          0 
         0          0          0          0          0          0          0          0          0          0 
         0          0          0          0          0          0          0          0          0          0 
         0          0          0          0          0          0          0          0          0          0 
         0          0          0          0          0          0          0          0          0          0 
         0          0          0          0          0          0          0          0          0          0 
         0          0          0          0          0          0          0          0          0          0 
         0          0          0          0          0          0          0          0          0          0 
         0          0          0          0          0          0          0          0          0          0 
         0          0          0          0          0          0          0          0          0          0 
         0          0          0          0          0          0          0          0          0          0 
         0          0          0          0          0          0          0          0          0          0 
         0          0          0          0          0          0          0          0          0          0 
         0          0          0          0          0          0          0          0          0          0 
         0          0          0          0          0          0          0          0          0          0 
         0          0          0          0          0          0          0          0          0          0 
         0          0          0          0          0          0          0          0          0          0 
         0          0          0          0          0          0          0          0          0          0 
         0          0          0          0          0          0          0          0          0          0 
         0          0          0          0          0          0          0          0          0          0 
         0          0          0          0          0          0          0          0          0          0 
         0          0          0          0          0          0          0          0          0          0 
         0          0          0          0          0          0          0          0          0          0 
         0          0          0          0          0          0          0          0          0          0 
         0          0          0          0          0          0          0          0          0          0 
         0          0          0          0          0          0          0          0          0          0 
         0          0          0          0          0          0          0          0          0          0 
         0          0          0          0          0          0          0          0          0          0 
         0          0          0          0          0          0          0          0          0          0 
         0          0          0          0          0          0          0          0          0          0 
         0          0          0          0          0          0          0          0          0          0 
         0          0          0          0          0          0          0          0          0          0 
         0          0          0          0          0          0          0          0          0          0 
         0          0          0          0          0          0          0          0          0          0 
         0          0          0          0          0          0          0          0          0          0 
         0          0          0          0          0          0          0          0          0          0 
         0          0          0          0          0          0          0          0          0          0 
         0          0          0          0          0          0          0          0          0          0 
         0          0          0          0          0          0          0          0          0          0 
         0          0          0          0          0          0          0          0          0          0 
         0          0          0          0          0          0          0          0          0          0 
