import FWCore.ParameterSet.Config as cms

ecal_pulse_shape_templates = cms.PSet(
    EBPulseShapeTemplate = cms.vdouble (
    0.011236, 0.757270, 1.000000, 0.888085, 0.673906, 0.474629,
    0.319809, 0.200231, 0.124091, 0.075236, 0.044821, 0.026372 ) ,
    
    EEPulseShapeTemplate = cms.vdouble (
    0.115583, 0.755498, 1.000000, 0.897527, 0.687216, 0.491890,
    0.344413, 0.212074, 0.131884, 0.080057, 0.047660, 0.027978
    )
)

# these are in 10-6 units
ecal_pulse_shape_covariances = cms.PSet(
    EBPulseShapeCovariance = cms.vdouble (
    3.09, 13.64, 0.00, -4.84, -5.02, -3.98, -2.95, 0.00, 0.00, 0.00, 0.00, 0.00,
    13.64, 67.23, 0.00, -23.90, -24.87, -19.88, -14.83, 0.00, 0.00, 0.00, 0.00, 0.00,
    0.00, 0.00, 0.00, 0.00, 0.00, 0.00, 0.00, 0.00, 0.00, 0.00, 0.00, 0.00,
    -4.84, -23.90, 0.00, 8.82, 9.05, 7.22, 5.38, 0.00, 0.00, 0.00, 0.00, 0.00,
    -5.02, -24.87, 0.00, 9.05, 9.56, 7.58, 5.66, 0.00, 0.00, 0.00, 0.00, 0.00,
    -3.98, -19.88, 0.00, 7.22, 7.58, 6.25, 4.61, 0.00, 0.00, 0.00, 0.00, 0.00,
    -2.95, -14.83, 0.00, 5.38, 5.66, 4.61, 3.63, 0.00, 0.00, 0.00, 0.00, 0.00,
    0.00, 0.00, 0.00, 0.00, 0.00, 0.00, 0.00, 3.63, 0.00, 0.00, 0.00, 0.00,
    0.00, 0.00, 0.00, 0.00, 0.00, 0.00, 0.00, 0.00, 3.63, 0.00, 0.00, 0.00,
    0.00, 0.00, 0.00, 0.00, 0.00, 0.00, 0.00, 0.00, 0.00, 3.63, 0.00, 0.00,
    0.00, 0.00, 0.00, 0.00, 0.00, 0.00, 0.00, 0.00, 0.00, 0.00, 3.63, 0.00,
    0.00, 0.00, 0.00, 0.00, 0.00, 0.00, 0.00, 0.00, 0.00, 0.00, 0.00, 3.63 ),

    EEPulseShapeCovariance = cms.vdouble (
    44.89, 38.55, 0.00, -17.17, -19.67, -17.30, -14.69, 0.00, 0.00, 0.00, 0.00, 0.00,
    38.55, 33.74, 0.00, -14.97, -17.21, -15.23, -13.08, 0.00, 0.00, 0.00, 0.00, 0.00,
    0.00, 0.00, 0.00, 0.00, 0.00, 0.00, 0.00, 0.00, 0.00, 0.00, 0.00, 0.00,
    -17.17, -14.97, 0.00, 7.32, 8.27, 7.27, 6.23, 0.00, 0.00, 0.00, 0.00, 0.00,
    -19.67, -17.21, 0.00, 8.27, 9.96, 8.76, 7.49, 0.00, 0.00, 0.00, 0.00, 0.00,
    -17.30, -15.23, 0.00, 7.27, 8.76, 8.29, 7.08, 0.00, 0.00, 0.00, 0.00, 0.00,
    -14.69, -13.08, 0.00, 6.23, 7.49, 7.08, 6.62, 0.00, 0.00, 0.00, 0.00, 0.00,
    0.00, 0.00, 0.00, 0.00, 0.00, 0.00, 0.00, 6.62, 0.00, 0.00, 0.00, 0.00,
    0.00, 0.00, 0.00, 0.00, 0.00, 0.00, 0.00, 0.00, 6.62, 0.00, 0.00, 0.00,
    0.00, 0.00, 0.00, 0.00, 0.00, 0.00, 0.00, 0.00, 0.00, 6.62, 0.00, 0.00,
    0.00, 0.00, 0.00, 0.00, 0.00, 0.00, 0.00, 0.00, 0.00, 0.00, 6.62, 0.00,
    0.00, 0.00, 0.00, 0.00, 0.00, 0.00, 0.00, 0.00, 0.00, 0.00, 0.00, 6.62 )
)

from SimCalorimetry.EcalSimProducers.ecalDigiParameters_cff import *

ecal_pulse_shape_parameters = cms.PSet(
    ecal_pulse_shape_templates,
    ecal_digi_parameters,
    ecal_pulse_shape_covariances
)
