import FWCore.ParameterSet.Config as cms

ecal_pulse_shape_templates = cms.PSet(
    EBPulseShapeTemplate = cms.vdouble (
      1.13979e-02, 7.58151e-01, 1.00000e+00, 8.87744e-01, 6.73548e-01, 4.74332e-01, 3.19561e-01, 2.15144e-01, 1.47464e-01, 1.01087e-01, 6.93181e-02, 4.75044e-02 
    ) ,
    
    EEPulseShapeTemplate = cms.vdouble (
      1.16442e-01, 7.56246e-01, 1.00000e+00, 8.97182e-01, 6.86831e-01, 4.91506e-01, 3.44111e-01, 2.45731e-01, 1.74115e-01, 1.23361e-01, 8.74288e-02, 6.19570e-02
    ),
    
    EKPulseShapeTemplate = cms.vdouble (
      1.16442e-01, 7.56246e-01, 1.00000e+00, 8.97182e-01, 6.86831e-01, 4.91506e-01, 3.44111e-01, 2.45731e-01, 1.74115e-01, 1.23361e-01, 8.74288e-02, 6.19570e-02
    )
)

ecal_pulse_shape_covariances = cms.PSet(
    EBPulseShapeCovariance = cms.vdouble (
       3.001e-06,  1.233e-05,  0.000e+00, -4.416e-06, -4.571e-06, -3.614e-06, -2.636e-06, -1.286e-06, -8.410e-07, -5.296e-07,  0.000e+00,  0.000e+00, 
       1.233e-05,  6.154e-05,  0.000e+00, -2.200e-05, -2.309e-05, -1.838e-05, -1.373e-05, -7.334e-06, -5.088e-06, -3.745e-06, -2.428e-06,  0.000e+00, 
       0.000e+00,  0.000e+00,  0.000e+00,  0.000e+00,  0.000e+00,  0.000e+00,  0.000e+00,  0.000e+00,  0.000e+00,  0.000e+00,  0.000e+00,  0.000e+00, 
      -4.416e-06, -2.200e-05,  0.000e+00,  8.319e-06,  8.545e-06,  6.792e-06,  5.059e-06,  2.678e-06,  1.816e-06,  1.223e-06,  8.245e-07,  5.589e-07, 
      -4.571e-06, -2.309e-05,  0.000e+00,  8.545e-06,  9.182e-06,  7.219e-06,  5.388e-06,  2.853e-06,  1.944e-06,  1.324e-06,  9.083e-07,  6.335e-07, 
      -3.614e-06, -1.838e-05,  0.000e+00,  6.792e-06,  7.219e-06,  6.016e-06,  4.437e-06,  2.385e-06,  1.636e-06,  1.118e-06,  7.754e-07,  5.556e-07, 
      -2.636e-06, -1.373e-05,  0.000e+00,  5.059e-06,  5.388e-06,  4.437e-06,  3.602e-06,  1.917e-06,  1.322e-06,  9.079e-07,  6.529e-07,  4.752e-07, 
      -1.286e-06, -7.334e-06,  0.000e+00,  2.678e-06,  2.853e-06,  2.385e-06,  1.917e-06,  1.375e-06,  9.100e-07,  6.455e-07,  4.693e-07,  3.657e-07, 
      -8.410e-07, -5.088e-06,  0.000e+00,  1.816e-06,  1.944e-06,  1.636e-06,  1.322e-06,  9.100e-07,  9.115e-07,  6.062e-07,  4.436e-07,  3.422e-07, 
      -5.296e-07, -3.745e-06,  0.000e+00,  1.223e-06,  1.324e-06,  1.118e-06,  9.079e-07,  6.455e-07,  6.062e-07,  7.217e-07,  4.862e-07,  3.768e-07, 
       0.000e+00, -2.428e-06,  0.000e+00,  8.245e-07,  9.083e-07,  7.754e-07,  6.529e-07,  4.693e-07,  4.436e-07,  4.862e-07,  6.509e-07,  4.418e-07, 
       0.000e+00,  0.000e+00,  0.000e+00,  5.589e-07,  6.335e-07,  5.556e-07,  4.752e-07,  3.657e-07,  3.422e-07,  3.768e-07,  4.418e-07,  6.142e-07,
    ),

    EEPulseShapeCovariance = cms.vdouble (
       3.941e-05,  3.333e-05,  0.000e+00, -1.449e-05, -1.661e-05, -1.424e-05, -1.183e-05, -6.842e-06, -4.915e-06, -3.411e-06,  0.000e+00,  0.000e+00, 
       3.333e-05,  2.862e-05,  0.000e+00, -1.244e-05, -1.431e-05, -1.233e-05, -1.032e-05, -5.883e-06, -4.154e-06, -2.902e-06, -2.128e-06,  0.000e+00, 
       0.000e+00,  0.000e+00,  0.000e+00,  0.000e+00,  0.000e+00,  0.000e+00,  0.000e+00,  0.000e+00,  0.000e+00,  0.000e+00,  0.000e+00,  0.000e+00, 
      -1.449e-05, -1.244e-05,  0.000e+00,  5.840e-06,  6.649e-06,  5.720e-06,  4.812e-06,  2.708e-06,  1.869e-06,  1.330e-06,  9.186e-07,  6.446e-07, 
      -1.661e-05, -1.431e-05,  0.000e+00,  6.649e-06,  7.966e-06,  6.898e-06,  5.794e-06,  3.157e-06,  2.184e-06,  1.567e-06,  1.084e-06,  7.575e-07, 
      -1.424e-05, -1.233e-05,  0.000e+00,  5.720e-06,  6.898e-06,  6.341e-06,  5.347e-06,  2.859e-06,  1.991e-06,  1.431e-06,  9.839e-07,  6.886e-07, 
      -1.183e-05, -1.032e-05,  0.000e+00,  4.812e-06,  5.794e-06,  5.347e-06,  4.854e-06,  2.628e-06,  1.809e-06,  1.289e-06,  9.020e-07,  6.146e-07, 
      -6.842e-06, -5.883e-06,  0.000e+00,  2.708e-06,  3.157e-06,  2.859e-06,  2.628e-06,  1.863e-06,  1.296e-06,  8.882e-07,  6.108e-07,  4.283e-07, 
      -4.915e-06, -4.154e-06,  0.000e+00,  1.869e-06,  2.184e-06,  1.991e-06,  1.809e-06,  1.296e-06,  1.217e-06,  8.669e-07,  5.751e-07,  3.882e-07, 
      -3.411e-06, -2.902e-06,  0.000e+00,  1.330e-06,  1.567e-06,  1.431e-06,  1.289e-06,  8.882e-07,  8.669e-07,  9.522e-07,  6.717e-07,  4.293e-07, 
       0.000e+00, -2.128e-06,  0.000e+00,  9.186e-07,  1.084e-06,  9.839e-07,  9.020e-07,  6.108e-07,  5.751e-07,  6.717e-07,  7.911e-07,  5.493e-07, 
       0.000e+00,  0.000e+00,  0.000e+00,  6.446e-07,  7.575e-07,  6.886e-07,  6.146e-07,  4.283e-07,  3.882e-07,  4.293e-07,  5.493e-07,  7.027e-07,
    ),
    
    EKPulseShapeCovariance = cms.vdouble (
       3.941e-05,  3.333e-05,  0.000e+00, -1.449e-05, -1.661e-05, -1.424e-05, -1.183e-05, -6.842e-06, -4.915e-06, -3.411e-06,  0.000e+00,  0.000e+00, 
       3.333e-05,  2.862e-05,  0.000e+00, -1.244e-05, -1.431e-05, -1.233e-05, -1.032e-05, -5.883e-06, -4.154e-06, -2.902e-06, -2.128e-06,  0.000e+00, 
       0.000e+00,  0.000e+00,  0.000e+00,  0.000e+00,  0.000e+00,  0.000e+00,  0.000e+00,  0.000e+00,  0.000e+00,  0.000e+00,  0.000e+00,  0.000e+00, 
      -1.449e-05, -1.244e-05,  0.000e+00,  5.840e-06,  6.649e-06,  5.720e-06,  4.812e-06,  2.708e-06,  1.869e-06,  1.330e-06,  9.186e-07,  6.446e-07, 
      -1.661e-05, -1.431e-05,  0.000e+00,  6.649e-06,  7.966e-06,  6.898e-06,  5.794e-06,  3.157e-06,  2.184e-06,  1.567e-06,  1.084e-06,  7.575e-07, 
      -1.424e-05, -1.233e-05,  0.000e+00,  5.720e-06,  6.898e-06,  6.341e-06,  5.347e-06,  2.859e-06,  1.991e-06,  1.431e-06,  9.839e-07,  6.886e-07, 
      -1.183e-05, -1.032e-05,  0.000e+00,  4.812e-06,  5.794e-06,  5.347e-06,  4.854e-06,  2.628e-06,  1.809e-06,  1.289e-06,  9.020e-07,  6.146e-07, 
      -6.842e-06, -5.883e-06,  0.000e+00,  2.708e-06,  3.157e-06,  2.859e-06,  2.628e-06,  1.863e-06,  1.296e-06,  8.882e-07,  6.108e-07,  4.283e-07, 
      -4.915e-06, -4.154e-06,  0.000e+00,  1.869e-06,  2.184e-06,  1.991e-06,  1.809e-06,  1.296e-06,  1.217e-06,  8.669e-07,  5.751e-07,  3.882e-07, 
      -3.411e-06, -2.902e-06,  0.000e+00,  1.330e-06,  1.567e-06,  1.431e-06,  1.289e-06,  8.882e-07,  8.669e-07,  9.522e-07,  6.717e-07,  4.293e-07, 
       0.000e+00, -2.128e-06,  0.000e+00,  9.186e-07,  1.084e-06,  9.839e-07,  9.020e-07,  6.108e-07,  5.751e-07,  6.717e-07,  7.911e-07,  5.493e-07, 
       0.000e+00,  0.000e+00,  0.000e+00,  6.446e-07,  7.575e-07,  6.886e-07,  6.146e-07,  4.283e-07,  3.882e-07,  4.293e-07,  5.493e-07,  7.027e-07,
    )    
)

ecal_noise_correlation = cms.PSet(
    #these are correlation matrix elements
    EBCorrNoiseMatrixG12 = cms.vdouble (
    1.00000, 0.71073, 0.55721, 0.46089, 0.40449,
    0.35931, 0.33924, 0.32439, 0.31581, 0.30481 ) ,

    EECorrNoiseMatrixG12 = cms.vdouble (
    1.00000, 0.71373, 0.44825, 0.30152, 0.21609,
    0.14786, 0.11772, 0.10165, 0.09465, 0.08098 ) ,

    EBCorrNoiseMatrixG06 = cms.vdouble (
    1.00000, 0.70946, 0.58021, 0.49846, 0.45006,
    0.41366, 0.39699, 0.38478, 0.37847, 0.37055 ) ,

    EECorrNoiseMatrixG06 = cms.vdouble (
    1.00000, 0.71217, 0.47464, 0.34056, 0.26282,
    0.20287, 0.17734, 0.16256, 0.15618, 0.14443 ),

    EBCorrNoiseMatrixG01 = cms.vdouble (
    1.00000, 0.73354, 0.64442, 0.58851, 0.55425,
    0.53082, 0.51916, 0.51097, 0.50732, 0.50409 ) ,

    EECorrNoiseMatrixG01 = cms.vdouble (
    1.00000, 0.72698, 0.62048, 0.55691, 0.51848,
    0.49147, 0.47813, 0.47007, 0.46621, 0.46265 ),

    #these are covariance matrix elements
    #covariance = 0.03^2*cor_digi + (1/12)
    #treating quantization as fully correlated noise term
    #on top of 0.03 adc counts "magic number" for Shashlik
    #Yes this is almost just a matrix filled with 1/12,
    #but that could cause undesirable numerical problems
    #downstream if taken too literally
    EKCorrNoiseMatrixG12 = cms.vdouble (
    8.4233E-2, 6.4236E-4, 4.0343E-4, 2.7137E-4, 1.9448E-4,
    1.3307E-4, 1.0595E-4, 9.1485E-5, 8.5185E-5, 7.2882E-5 ),
    EKCorrNoiseMatrixG06 = cms.vdouble (
    8.4233E-2, 6.4095E-4, 4.2718E-4, 3.0650E-4, 2.3654E-4,
    1.8258E-4, 1.5961E-4, 1.4630E-4, 1.4056E-4, 1.2999E-4 ),
    EKCorrNoiseMatrixG01 = cms.vdouble (
    8.4233E-2, 6.5428E-4, 5.5843E-4, 5.0122E-4, 4.6663E-4,
    4.4232E-4, 4.3032E-4, 4.2306E-4, 4.1959E-4, 4.1639E-4 ),
)

ecal_pulse_shape_parameters = cms.PSet(
    ecal_pulse_shape_templates,
    ecal_noise_correlation,
    ecal_pulse_shape_covariances
)
